20 21
0.99729093260115131425 0.77706530437338994233 1.67515557166855022508 0.00000000000000000000 -1.41649317341693370409 0.00000000000000000000 0.00000000000000000000 0.00000000000000000000 0.00000000000000000000 0.00000000000000000000 -4.89290710645457416206 -1.80005514239894925943 1.23208280244473478149 2.42411409091570506646 1.28546425666914521102 1.04516637807441736818 0.00000000000000000000 0.00000000000000000000 1.00225227465957988926 1.60441621560809011271 355.88598657528302737774 
0.00000000000000000000 1.00000000000000000000 0.00000000000000000000 0.00000000000000000000 0.00000000000000000000 0.00000000000000000000 0.00000000000000000000 0.00000000000000000000 0.00000000000000000000 0.00000000000000000000 -1.66775169208075468852 0.00000000000000000000 0.00000000000000000000 0.00000000000000000000 0.00000000000000000000 1.34501742928442657998 0.00000000000000000000 0.00000000000000000000 0.00000000000000000000 0.00000000000000000000 45.68175620378710988234 
1.16940986902069465891 0.00000000000000000000 5.18411023120360248129 0.36924265228436198294 -0.05122809086865925260 0.36868162004681392929 -0.47837484500102001039 -0.91569032458390586804 -0.24960986298687967699 -0.11556465812108510094 -0.33811771919144117948 -3.83920828704488581451 2.76420368699752039277 0.35396864468760158573 0.24466904588368149076 -0.28884107946720716242 1.26715893935638490575 -0.20089330275835584616 1.21210624887537554706 1.88967119871092092964 996.46283242178799355315 
3.38079509798755184491 0.00000000000000000000 10.07707355159102036168 2.06500081636524779327 -0.17523685624000795436 0.00000000000000000000 0.64967325632449168804 -2.64111130495451673639 -0.71994583022634983660 -0.17461091203368514502 -3.07204330968047401029 -7.89890332913971882078 6.50829566155571370700 2.43406376989637696084 -1.03509956431332117432 -2.10054279252683873125 -1.72090836927388246558 0.15597484669071895458 3.49605912693841913708 5.45034913176594404405 1835.62751876883294244180 
0.00000000000000000000 -0.54858386821513249743 0.00000000000000000000 0.00000000000000000000 1.00000000000000000000 0.00000000000000000000 0.00000000000000000000 0.00000000000000000000 0.00000000000000000000 0.00000000000000000000 3.70887357053819766151 0.00000000000000000000 0.00000000000000000000 -1.88295555481824816724 0.00000000000000000000 -0.73785486417362411427 0.00000000000000000000 0.00000000000000000000 0.00000000000000000000 0.00000000000000000000 195.77232889103805746345 
0.00000000000000000000 0.00000000000000000000 0.00000000000000000000 0.80358015131372040329 -0.04178534167446338460 1.00000000000000000000 0.00000000000000000000 0.00000000000000000000 0.00000000000000000000 0.24132660508217584905 0.00000000000000000000 0.00000000000000000000 0.00000000000000000000 0.00000000000000000000 0.00000000000000000000 1.14368315280586618776 0.00000000000000000000 0.00000000000000000000 0.00000000000000000000 0.00000000000000000000 331.17628758779329700701 
0.00158664179853285352 0.00000000000000000000 -0.98110214983358323693 0.00000000000000000000 -1.14164882630256903084 0.00000000000000000000 1.00000000000000000000 0.00000000000000000000 0.00000000000000000000 -0.73134617262116918823 -1.36422269439195775753 0.00000000000000000000 -0.72160407468751253113 0.91939747283207129414 0.00000000000000000000 0.00000000000000000000 0.00000000000000000000 0.00000000000000000000 0.00000000000000000000 0.00000000000000000000 -341.45856732780146103323 
0.00184982234621384003 0.00000000000000000000 -1.14384020536883745933 0.00000000000000000000 0.00000000000000000000 0.00000000000000000000 0.08289054907190679389 1.00000000000000000000 0.00000000000000000000 0.00000000000000000000 0.00000000000000000000 0.51186360148134613102 -0.49923516464636386036 0.00000000000000000000 0.00000000000000000000 0.00000000000000000000 -0.21956735673340399551 0.00000000000000000000 0.00000000000000000000 0.00000000000000000000 -116.81300275919947750936 
0.00498133642158706501 0.00000000000000000000 -3.08021626354639499468 0.00000000000000000000 0.28539713206021000147 0.00000000000000000000 0.00000000000000000000 0.00000000000000000000 1.00000000000000000000 0.00000000000000000000 0.40341567973653280621 0.00000000000000000000 -2.26550987282093174713 -0.27187596128937924211 1.43774645376845544575 0.00000000000000000000 0.00000000000000000000 0.00000000000000000000 0.00000000000000000000 0.00000000000000000000 -364.23118586111581862497 
0.00000000000000000000 0.00000000000000000000 0.00000000000000000000 0.00000000000000000000 -0.17314850826428673791 0.00000000000000000000 0.00000000000000000000 0.00000000000000000000 0.00000000000000000000 1.00000000000000000000 0.00000000000000000000 0.00000000000000000000 0.00000000000000000000 0.00000000000000000000 0.00000000000000000000 0.00000000000000000000 0.00000000000000000000 0.00000000000000000000 0.00000000000000000000 0.00000000000000000000 91.26107005787130788121 
-0.00664527701017279034 0.00000000000000000000 4.10911622708344559385 1.97341005130364077758 -0.38072975602091907454 0.00000000000000000000 0.00000000000000000000 0.00000000000000000000 -1.33403497530800985160 0.00000000000000000000 -2.71214022160906376158 0.00000000000000000000 3.02226940724872417121 2.50174135980549916525 -1.91800405495218018181 -0.80648542326245720169 0.00000000000000000000 0.00000000000000000000 0.00000000000000000000 0.00000000000000000000 624.22111349133956537116 
0.00830041026030168411 0.00000000000000000000 -5.13257016070857741141 -2.46492554223820015125 0.47555777862088272068 0.00000000000000000000 0.00000000000000000000 0.00000000000000000000 1.66630188323180039589 0.00000000000000000000 3.38765058075967262496 1.00000000000000000000 -3.77502336756175482790 -3.12484786108423007178 2.39571962352421996556 1.00735603222917924349 0.00000000000000000000 0.00000000000000000000 0.00000000000000000000 0.00000000000000000000 -662.69531250371949226974 
-0.00219877056434297693 0.00000000000000000000 1.35961281850915982616 0.00000000000000000000 0.00000000000000000000 0.00000000000000000000 0.00000000000000000000 0.00000000000000000000 0.00000000000000000000 0.00000000000000000000 0.00000000000000000000 0.00000000000000000000 1.00000000000000000000 0.00000000000000000000 0.00000000000000000000 0.00000000000000000000 0.00000000000000000000 0.00000000000000000000 0.00000000000000000000 0.00000000000000000000 274.34384570615395659843 
0.00000000000000000000 0.00000000000000000000 0.00000000000000000000 1.03658187621187658500 -0.05390119181049765618 1.28995455464801733747 0.00000000000000000000 0.00000000000000000000 0.00000000000000000000 0.31130035338349609786 -1.48382254107101951845 0.00000000000000000000 0.00000000000000000000 1.00000000000000000000 0.00000000000000000000 1.47529929203613141553 0.00000000000000000000 0.00000000000000000000 0.00000000000000000000 -1.33166141963175554963 223.98294742906131205018 
0.00108014056033631841 -0.75072507326674975392 -0.66790640889980945616 0.00000000000000000000 1.36847821593679386254 0.00000000000000000000 0.00000000000000000000 0.00000000000000000000 0.00000000000000000000 0.00000000000000000000 5.35610157567394828959 0.00000000000000000000 -0.49124750797229244093 -2.76588234161988388848 1.00000000000000000000 -1.00973830814460652228 0.00000000000000000000 0.00000000000000000000 0.00000000000000000000 0.00000000000000000000 242.86826396758226564998 
-1.89683965398938747526 0.00000000000000000000 -5.65387494799777989840 -0.59753274642854725673 0.09831894809429489457 0.00000000000000000000 -0.36450774418901060736 1.48183031169782886138 0.40393509808108463144 0.09796775384639599960 0.82121432099062441345 4.43178383293910371776 -3.65156507061742896525 -0.75750723200733227625 0.58075625481869275202 1.17853722224640455885 0.96553832489404878281 -0.08751174373270476092 -1.96151005679573686713 -3.05799022465878467258 -999.32444397074345943111 
-0.00059898525817985348 0.00000000000000000000 0.37038336256002130087 0.00000000000000000000 0.00000000000000000000 0.00000000000000000000 -0.37751763424720508056 0.00000000000000000000 0.00000000000000000000 0.00000000000000000000 0.00000000000000000000 0.00000000000000000000 0.27241826313917322233 0.00000000000000000000 0.00000000000000000000 0.00000000000000000000 1.00000000000000000000 0.00000000000000000000 0.00000000000000000000 0.00000000000000000000 145.43415784052717754093 
-0.00133853088117034079 0.00000000000000000000 0.82768242104121625413 0.00000000000000000000 -0.38043529298151118612 0.00000000000000000000 0.00000000000000000000 0.00000000000000000000 -0.26870919124628844799 1.75425398397297160891 -1.86861851639878806530 0.00000000000000000000 0.60876332568619440089 1.25932749009866351564 -0.38633568680934088357 -1.17573882444776867118 0.00000000000000000000 -0.56702403658473432557 -0.91742118397607530511 0.00000000000000000000 -84.75568115418332126865 
-0.00050678216284035383 0.00000000000000000000 0.31336945107568886515 0.00000000000000000000 0.33545564769242569580 0.00000000000000000000 0.09386996134748275267 -0.38160877594544440061 0.00000000000000000000 -1.93738687705238565862 0.00000000000000000000 -0.19533164241232325864 0.09994996588590815412 0.00000000000000000000 0.00000000000000000000 1.04095314916879222444 -0.24865053399337386231 1.73061132096120573465 1.01319408637722996325 0.00000000000000000000 214.57201626933374427608 
0.00000000000000000000 0.00000000000000000000 0.00000000000000000000 -0.77841248603456769661 0.04047664895586068623 -0.96868057873504254118 0.00000000000000000000 0.00000000000000000000 0.00000000000000000000 -0.23376839547516514717 0.00000000000000000000 0.00000000000000000000 0.00000000000000000000 0.00000000000000000000 0.00000000000000000000 -1.10786365834950450981 0.00000000000000000000 0.00000000000000000000 0.00000000000000000000 1.00000000000000000000 -210.80403792386647410240 
