20 21
1.80875454599482332618 0.55147239617211396556 0.00080562055758700332 -0.10244247415216745090 -0.01804918828579024290 -0.00888745925061516784 0.00000000000000000000 -0.14491432303948448279 -5.24889068268391145722 -0.21197585921037992440 0.00000000000000000000 0.04872915550917093774 0.27719750274153659442 0.50787915873827416124 -0.07536807597628317201 0.19313056398614522613 -0.45189410834680043827 0.00000000000000000000 0.00000000000000000000 0.07008521965068098547 -145.76973863720840540736 
0.04460215977595986814 1.55009446197703781856 0.00188367804424219082 0.00000000000000000000 -0.04220207561754617254 -0.02078039307937221483 0.00000000000000000000 -0.33883436319363968714 -0.03232680486723333441 0.42335932580556789873 0.00000000000000000000 0.00000000000000000000 0.00000000000000000000 0.02898002590824616878 0.00000000000000000000 0.00000000000000000000 -0.02578547030795331693 1.00926581910311519152 0.00000000000000000000 0.08255090526092692671 296.11806462942985262998 
-1.25591981190066759311 0.00000000000000000000 0.99237815867523149205 0.00000000000000000000 0.67882241340220728087 0.08408276520577623314 0.00000000000000000000 1.37101016786542007075 3.39401447984843152028 -0.76283338049558624405 -1.15286307525338971303 0.00000000000000000000 0.00000000000000000000 1.04291459873454384066 -2.15991190187783255183 0.00000000000000000000 0.00000000000000000000 0.00000000000000000000 0.00000000000000000000 -1.32783527629292663619 -79.86603356928182506635 
-0.26449209512139770784 0.00000000000000000000 -0.00786412632313369594 1.00000000000000000000 0.17618852370726700851 0.08675560917646120418 0.00000000000000000000 1.41459218199113001546 0.17915273411084392530 0.00000000000000000000 0.00000000000000000000 -0.47567335631496887594 0.50022683036524195899 0.00000000000000000000 0.00000000000000000000 0.00000000000000000000 0.00000000000000000000 0.00000000000000000000 0.00000000000000000000 -0.34463997127605883186 142.60833487681153997073 
-0.96518544245752768695 0.00000000000000000000 0.92077285032897149275 0.00000000000000000000 1.62776701683638469476 -0.33047741946320852158 0.00000000000000000000 0.00000000000000000000 3.07862683154722516221 0.00000000000000000000 -1.34818260155067903838 0.00000000000000000000 0.00000000000000000000 0.00000000000000000000 -2.52584691929170146452 0.00000000000000000000 0.00000000000000000000 0.00000000000000000000 0.00000000000000000000 -3.18405288904449434995 -353.02902196384587796274 
0.07908350263147242987 0.00000000000000000000 -0.16014409808686103087 0.00000000000000000000 0.01251850974612757350 1.07202247939396677623 0.00000000000000000000 1.17436137265883955294 -1.49608581198065326845 -1.69422380300034469691 0.07259416499493823172 0.00000000000000000000 0.00000000000000000000 0.89332570132774202776 0.13600661201243480214 1.58736630882479534677 0.00000000000000000000 0.00000000000000000000 0.00000000000000000000 -0.02448728639382144467 116.44198433665610536991 
0.00000000000000000000 0.00000000000000000000 0.00000000000000000000 0.00000000000000000000 0.00000000000000000000 0.00000000000000000000 1.00000000000000000000 0.00000000000000000000 0.00000000000000000000 -1.27422090166173229697 0.00000000000000000000 0.00000000000000000000 0.00000000000000000000 0.00000000000000000000 0.00000000000000000000 1.16093880830376372515 0.00000000000000000000 0.00000000000000000000 0.00000000000000000000 0.00000000000000000000 91.17254432101277927813 
0.00000000000000000000 0.00000000000000000000 -0.00555928869341298752 0.00000000000000000000 0.12455075459223184653 0.06132906026268791777 0.00000000000000000000 1.00000000000000000000 -0.07300220117288597210 0.00000000000000000000 0.00000000000000000000 0.00000000000000000000 0.00000000000000000000 0.00000000000000000000 0.00000000000000000000 0.00000000000000000000 0.00000000000000000000 0.00000000000000000000 0.00000000000000000000 -0.24363203449276510382 20.27499214640615932126 
-0.53966918019355436531 -0.38074471550768890227 0.00000000000000000000 0.00000000000000000000 0.00000000000000000000 0.00000000000000000000 0.00000000000000000000 0.00000000000000000000 1.69043406727833378511 0.14635127482312806912 0.00000000000000000000 0.00000000000000000000 0.03116999955347486001 -0.35064729830237462149 0.05203523665941717224 -0.13334020370041269055 0.31199438977613791479 0.00000000000000000000 0.00000000000000000000 -0.02401224656203705676 43.39553412554914757493 
-0.13250666824946183420 -1.04655942897344078624 -0.02283566262475469899 0.00000000000000000000 -0.15440766742479450357 0.25191887064821505415 0.00000000000000000000 4.10765907009144903839 1.55094323035790004894 0.19455525388628480687 1.51129080704939111612 1.68866756357656200294 0.00000000000000000000 3.06952304933718167490 2.83143338650782849797 0.00000000000000000000 0.04905707827763896439 -1.92013687163252844137 0.00000000000000000000 0.30203473498932331687 953.53723270582827353792 
0.00403079849730302985 0.03183590855746684656 0.00069465149044039924 0.00000000000000000000 -0.45625895599249455259 -0.00766326871444242014 0.00000000000000000000 -0.12495330405551131892 -0.04717905691024965043 0.02450129880394882886 1.00000000000000000000 -0.05136857463576305349 0.00000000000000000000 -0.09337363212100516230 1.87351988995146001571 0.00000000000000000000 -0.00149229619924722066 0.05840977604403671530 0.00000000000000000000 0.89248192889655442173 329.02153167526125798759 
-0.07846817876267814240 -0.61975456362580338965 -0.01352288817367300507 0.00000000000000000000 0.30296788297628690634 0.14918203918991387869 0.00000000000000000000 2.43248532671019868090 0.91844200943437037665 -0.47697057934114656108 0.00000000000000000000 1.00000000000000000000 0.00000000000000000000 1.81771896111748421099 0.00000000000000000000 0.00000000000000000000 0.02905076128408430949 -1.13707215857555721250 0.00000000000000000000 -0.59263134902020420114 195.48770583238959375194 
0.00000000000000000000 0.00000000000000000000 0.00000000000000000000 0.00000000000000000000 0.00000000000000000000 0.00000000000000000000 0.00000000000000000000 0.00000000000000000000 0.00000000000000000000 0.00000000000000000000 0.00000000000000000000 0.00000000000000000000 1.00000000000000000000 0.00000000000000000000 0.00000000000000000000 0.00000000000000000000 0.00000000000000000000 0.00000000000000000000 0.00000000000000000000 0.00000000000000000000 110.00000000000000000000 
0.08246484447830308706 0.00000000000000000000 -0.07246867061526302001 0.00000000000000000000 0.11916168039546701229 0.07510191588051420841 0.00000000000000000000 1.22457307447454200044 -0.31882241573643060883 0.05008833803666608298 0.07569804481519579187 0.00000000000000000000 0.00000000000000000000 0.93152127279635732471 0.14182179259170632490 0.00000000000000000000 0.00000000000000000000 0.00000000000000000000 0.00000000000000000000 -0.23309053986361755184 136.89747727388902376333 
0.00000000000000000000 1.66454675405497987128 0.00000000000000000000 0.00000000000000000000 0.00000000000000000000 0.00000000000000000000 0.00000000000000000000 0.00000000000000000000 0.00000000000000000000 1.41387059017695859708 0.00000000000000000000 0.00000000000000000000 0.59901715749828943203 0.00000000000000000000 1.00000000000000000000 -1.28817321699493247955 0.00000000000000000000 0.00000000000000000000 0.00000000000000000000 -0.46146127323688057587 307.57901587322191971907 
0.00000000000000000000 0.00000000000000000000 0.00000000000000000000 0.00000000000000000000 0.00000000000000000000 0.00000000000000000000 0.00000000000000000000 0.00000000000000000000 0.00000000000000000000 -1.09757800544499328765 0.00000000000000000000 0.00000000000000000000 0.00000000000000000000 0.00000000000000000000 0.00000000000000000000 1.00000000000000000000 0.00000000000000000000 0.00000000000000000000 0.00000000000000000000 0.00000000000000000000 -24.83115860439426114681 
-1.72658600185159261109 -1.18145800326980277006 0.00084877873941611298 0.00000000000000000000 -0.01901610769042801075 -0.00936357245145715347 -0.68492118394231482625 -0.15267757913378415813 2.22008016046137823807 0.49902060920553564793 0.00000000000000000000 0.00000000000000000000 0.09990564117463761329 -1.23798085664095047775 0.16678260367679520471 -0.42738013268792074406 0.99817659746755960093 0.07136956698790619669 0.00000000000000000000 -0.03976656342066198224 -158.57122051013902819250 
0.04419267841211110132 0.54504418119091724293 0.01189272648326339561 0.00000000000000000000 -0.26644560830319108380 -0.13119839234899435820 0.00000000000000000000 -2.13925326406500238008 0.09963161421143473806 0.41947256886375727802 0.00000000000000000000 0.00000000000000000000 0.00000000000000000000 -1.59859596192610387000 0.00000000000000000000 0.00000000000000000000 -0.02554874030200249280 1.00000000000000000000 0.00000000000000000000 0.52119062501944501964 -10.14408110465288359592 
-0.00927684177051021908 0.00000000000000000000 0.15201594584682701083 0.00000000000000000000 0.17064795522320597154 -1.67701222546259520740 0.00000000000000000000 0.00000000000000000000 2.33539712688814482533 0.00000000000000000000 0.00000000000000000000 0.32875717167219020709 0.00000000000000000000 0.00000000000000000000 0.00000000000000000000 0.00000000000000000000 0.00000000000000000000 0.00000000000000000000 1.00000000000000000000 -0.33380214073510711126 130.26515695929992944002 
-0.00012528368938224260 -0.34615677175894177253 0.00000000000000000000 0.00000000000000000000 0.00000000000000000000 0.00000000000000000000 0.00000000000000000000 0.00000000000000000000 -0.34685289001488600613 1.84115568975302390520 0.00000000000000000000 -0.34853651483940728539 0.00000000000000000000 1.70212770247759470621 0.00000000000000000000 -1.76360811282117291299 0.00575823950025788033 -0.22538252110248085947 0.00000000000000000000 1.00000000000000000000 201.41972487344091291561 
