-1.000000 0.367879
-0.999000 0.368248
-0.998000 0.368616
-0.997000 0.368985
-0.996000 0.369354
-0.995000 0.369723
-0.994000 0.370093
-0.993000 0.370464
-0.992000 0.370834
-0.991000 0.371205
-0.990000 0.371577
-0.989000 0.371948
-0.988000 0.372321
-0.987000 0.372693
-0.986000 0.373066
-0.985000 0.373439
-0.984000 0.373813
-0.983000 0.374187
-0.982000 0.374561
-0.981000 0.374936
-0.980000 0.375311
-0.979000 0.375687
-0.978000 0.376062
-0.977000 0.376439
-0.976000 0.376815
-0.975000 0.377192
-0.974000 0.377570
-0.973000 0.377947
-0.972000 0.378326
-0.971000 0.378704
-0.970000 0.379083
-0.969000 0.379462
-0.968000 0.379842
-0.967000 0.380222
-0.966000 0.380602
-0.965000 0.380983
-0.964000 0.381364
-0.963000 0.381746
-0.962000 0.382128
-0.961000 0.382510
-0.960000 0.382893
-0.959000 0.383276
-0.958000 0.383659
-0.957000 0.384043
-0.956000 0.384428
-0.955000 0.384812
-0.954000 0.385197
-0.953000 0.385583
-0.952000 0.385968
-0.951000 0.386354
-0.950000 0.386741
-0.949000 0.387128
-0.948000 0.387515
-0.947000 0.387903
-0.946000 0.388291
-0.945000 0.388680
-0.944000 0.389068
-0.943000 0.389458
-0.942000 0.389847
-0.941000 0.390237
-0.940000 0.390628
-0.939000 0.391019
-0.938000 0.391410
-0.937000 0.391801
-0.936000 0.392193
-0.935000 0.392586
-0.934000 0.392979
-0.933000 0.393372
-0.932000 0.393765
-0.931000 0.394159
-0.930000 0.394554
-0.929000 0.394948
-0.928000 0.395344
-0.927000 0.395739
-0.926000 0.396135
-0.925000 0.396531
-0.924000 0.396928
-0.923000 0.397325
-0.922000 0.397723
-0.921000 0.398121
-0.920000 0.398519
-0.919000 0.398918
-0.918000 0.399317
-0.917000 0.399716
-0.916000 0.400116
-0.915000 0.400517
-0.914000 0.400917
-0.913000 0.401318
-0.912000 0.401720
-0.911000 0.402122
-0.910000 0.402524
-0.909000 0.402927
-0.908000 0.403330
-0.907000 0.403734
-0.906000 0.404138
-0.905000 0.404542
-0.904000 0.404947
-0.903000 0.405352
-0.902000 0.405757
-0.901000 0.406163
-0.900000 0.406570
-0.899000 0.406976
-0.898000 0.407384
-0.897000 0.407791
-0.896000 0.408199
-0.895000 0.408608
-0.894000 0.409016
-0.893000 0.409426
-0.892000 0.409835
-0.891000 0.410245
-0.890000 0.410656
-0.889000 0.411067
-0.888000 0.411478
-0.887000 0.411890
-0.886000 0.412302
-0.885000 0.412714
-0.884000 0.413127
-0.883000 0.413540
-0.882000 0.413954
-0.881000 0.414368
-0.880000 0.414783
-0.879000 0.415198
-0.878000 0.415613
-0.877000 0.416029
-0.876000 0.416445
-0.875000 0.416862
-0.874000 0.417279
-0.873000 0.417697
-0.872000 0.418114
-0.871000 0.418533
-0.870000 0.418952
-0.869000 0.419371
-0.868000 0.419790
-0.867000 0.420210
-0.866000 0.420631
-0.865000 0.421052
-0.864000 0.421473
-0.863000 0.421894
-0.862000 0.422317
-0.861000 0.422739
-0.860000 0.423162
-0.859000 0.423585
-0.858000 0.424009
-0.857000 0.424433
-0.856000 0.424858
-0.855000 0.425283
-0.854000 0.425709
-0.853000 0.426135
-0.852000 0.426561
-0.851000 0.426988
-0.850000 0.427415
-0.849000 0.427843
-0.848000 0.428271
-0.847000 0.428699
-0.846000 0.429128
-0.845000 0.429557
-0.844000 0.429987
-0.843000 0.430417
-0.842000 0.430848
-0.841000 0.431279
-0.840000 0.431711
-0.839000 0.432142
-0.838000 0.432575
-0.837000 0.433008
-0.836000 0.433441
-0.835000 0.433874
-0.834000 0.434309
-0.833000 0.434743
-0.832000 0.435178
-0.831000 0.435613
-0.830000 0.436049
-0.829000 0.436486
-0.828000 0.436922
-0.827000 0.437359
-0.826000 0.437797
-0.825000 0.438235
-0.824000 0.438673
-0.823000 0.439112
-0.822000 0.439552
-0.821000 0.439991
-0.820000 0.440432
-0.819000 0.440872
-0.818000 0.441313
-0.817000 0.441755
-0.816000 0.442197
-0.815000 0.442639
-0.814000 0.443082
-0.813000 0.443525
-0.812000 0.443969
-0.811000 0.444413
-0.810000 0.444858
-0.809000 0.445303
-0.808000 0.445749
-0.807000 0.446195
-0.806000 0.446641
-0.805000 0.447088
-0.804000 0.447535
-0.803000 0.447983
-0.802000 0.448431
-0.801000 0.448880
-0.800000 0.449329
-0.799000 0.449779
-0.798000 0.450229
-0.797000 0.450679
-0.796000 0.451130
-0.795000 0.451581
-0.794000 0.452033
-0.793000 0.452485
-0.792000 0.452938
-0.791000 0.453391
-0.790000 0.453845
-0.789000 0.454299
-0.788000 0.454753
-0.787000 0.455208
-0.786000 0.455664
-0.785000 0.456120
-0.784000 0.456576
-0.783000 0.457033
-0.782000 0.457490
-0.781000 0.457948
-0.780000 0.458406
-0.779000 0.458865
-0.778000 0.459324
-0.777000 0.459783
-0.776000 0.460243
-0.775000 0.460704
-0.774000 0.461165
-0.773000 0.461626
-0.772000 0.462088
-0.771000 0.462550
-0.770000 0.463013
-0.769000 0.463476
-0.768000 0.463940
-0.767000 0.464404
-0.766000 0.464869
-0.765000 0.465334
-0.764000 0.465799
-0.763000 0.466266
-0.762000 0.466732
-0.761000 0.467199
-0.760000 0.467666
-0.759000 0.468134
-0.758000 0.468603
-0.757000 0.469072
-0.756000 0.469541
-0.755000 0.470011
-0.754000 0.470481
-0.753000 0.470952
-0.752000 0.471423
-0.751000 0.471894
-0.750000 0.472367
-0.749000 0.472839
-0.748000 0.473312
-0.747000 0.473786
-0.746000 0.474260
-0.745000 0.474734
-0.744000 0.475209
-0.743000 0.475685
-0.742000 0.476161
-0.741000 0.476637
-0.740000 0.477114
-0.739000 0.477591
-0.738000 0.478069
-0.737000 0.478547
-0.736000 0.479026
-0.735000 0.479505
-0.734000 0.479985
-0.733000 0.480465
-0.732000 0.480946
-0.731000 0.481427
-0.730000 0.481909
-0.729000 0.482391
-0.728000 0.482874
-0.727000 0.483357
-0.726000 0.483840
-0.725000 0.484325
-0.724000 0.484809
-0.723000 0.485294
-0.722000 0.485780
-0.721000 0.486266
-0.720000 0.486752
-0.719000 0.487239
-0.718000 0.487727
-0.717000 0.488215
-0.716000 0.488703
-0.715000 0.489192
-0.714000 0.489682
-0.713000 0.490171
-0.712000 0.490662
-0.711000 0.491153
-0.710000 0.491644
-0.709000 0.492136
-0.708000 0.492628
-0.707000 0.493121
-0.706000 0.493615
-0.705000 0.494109
-0.704000 0.494603
-0.703000 0.495098
-0.702000 0.495593
-0.701000 0.496089
-0.700000 0.496585
-0.699000 0.497082
-0.698000 0.497579
-0.697000 0.498077
-0.696000 0.498576
-0.695000 0.499074
-0.694000 0.499574
-0.693000 0.500074
-0.692000 0.500574
-0.691000 0.501075
-0.690000 0.501576
-0.689000 0.502078
-0.688000 0.502580
-0.687000 0.503083
-0.686000 0.503586
-0.685000 0.504090
-0.684000 0.504595
-0.683000 0.505099
-0.682000 0.505605
-0.681000 0.506111
-0.680000 0.506617
-0.679000 0.507124
-0.678000 0.507631
-0.677000 0.508139
-0.676000 0.508648
-0.675000 0.509156
-0.674000 0.509666
-0.673000 0.510176
-0.672000 0.510686
-0.671000 0.511197
-0.670000 0.511709
-0.669000 0.512221
-0.668000 0.512733
-0.667000 0.513246
-0.666000 0.513760
-0.665000 0.514274
-0.664000 0.514788
-0.663000 0.515303
-0.662000 0.515819
-0.661000 0.516335
-0.660000 0.516851
-0.659000 0.517368
-0.658000 0.517886
-0.657000 0.518404
-0.656000 0.518923
-0.655000 0.519442
-0.654000 0.519962
-0.653000 0.520482
-0.652000 0.521003
-0.651000 0.521524
-0.650000 0.522046
-0.649000 0.522568
-0.648000 0.523091
-0.647000 0.523614
-0.646000 0.524138
-0.645000 0.524663
-0.644000 0.525187
-0.643000 0.525713
-0.642000 0.526239
-0.641000 0.526765
-0.640000 0.527292
-0.639000 0.527820
-0.638000 0.528348
-0.637000 0.528877
-0.636000 0.529406
-0.635000 0.529935
-0.634000 0.530466
-0.633000 0.530996
-0.632000 0.531528
-0.631000 0.532059
-0.630000 0.532592
-0.629000 0.533125
-0.628000 0.533658
-0.627000 0.534192
-0.626000 0.534726
-0.625000 0.535261
-0.624000 0.535797
-0.623000 0.536333
-0.622000 0.536870
-0.621000 0.537407
-0.620000 0.537944
-0.619000 0.538483
-0.618000 0.539021
-0.617000 0.539561
-0.616000 0.540101
-0.615000 0.540641
-0.614000 0.541182
-0.613000 0.541723
-0.612000 0.542265
-0.611000 0.542808
-0.610000 0.543351
-0.609000 0.543894
-0.608000 0.544439
-0.607000 0.544983
-0.606000 0.545529
-0.605000 0.546074
-0.604000 0.546621
-0.603000 0.547168
-0.602000 0.547715
-0.601000 0.548263
-0.600000 0.548812
-0.599000 0.549361
-0.598000 0.549910
-0.597000 0.550461
-0.596000 0.551011
-0.595000 0.551563
-0.594000 0.552114
-0.593000 0.552667
-0.592000 0.553220
-0.591000 0.553773
-0.590000 0.554327
-0.589000 0.554882
-0.588000 0.555437
-0.587000 0.555993
-0.586000 0.556549
-0.585000 0.557106
-0.584000 0.557663
-0.583000 0.558221
-0.582000 0.558780
-0.581000 0.559339
-0.580000 0.559898
-0.579000 0.560459
-0.578000 0.561019
-0.577000 0.561581
-0.576000 0.562142
-0.575000 0.562705
-0.574000 0.563268
-0.573000 0.563831
-0.572000 0.564396
-0.571000 0.564960
-0.570000 0.565525
-0.569000 0.566091
-0.568000 0.566658
-0.567000 0.567225
-0.566000 0.567792
-0.565000 0.568360
-0.564000 0.568929
-0.563000 0.569498
-0.562000 0.570068
-0.561000 0.570638
-0.560000 0.571209
-0.559000 0.571781
-0.558000 0.572353
-0.557000 0.572925
-0.556000 0.573498
-0.555000 0.574072
-0.554000 0.574647
-0.553000 0.575222
-0.552000 0.575797
-0.551000 0.576373
-0.550000 0.576950
-0.549000 0.577527
-0.548000 0.578105
-0.547000 0.578683
-0.546000 0.579262
-0.545000 0.579842
-0.544000 0.580422
-0.543000 0.581003
-0.542000 0.581584
-0.541000 0.582166
-0.540000 0.582748
-0.539000 0.583331
-0.538000 0.583915
-0.537000 0.584499
-0.536000 0.585084
-0.535000 0.585669
-0.534000 0.586255
-0.533000 0.586842
-0.532000 0.587429
-0.531000 0.588017
-0.530000 0.588605
-0.529000 0.589194
-0.528000 0.589783
-0.527000 0.590373
-0.526000 0.590964
-0.525000 0.591555
-0.524000 0.592147
-0.523000 0.592740
-0.522000 0.593333
-0.521000 0.593926
-0.520000 0.594521
-0.519000 0.595115
-0.518000 0.595711
-0.517000 0.596307
-0.516000 0.596903
-0.515000 0.597501
-0.514000 0.598098
-0.513000 0.598697
-0.512000 0.599296
-0.511000 0.599895
-0.510000 0.600496
-0.509000 0.601096
-0.508000 0.601698
-0.507000 0.602300
-0.506000 0.602902
-0.505000 0.603506
-0.504000 0.604109
-0.503000 0.604714
-0.502000 0.605319
-0.501000 0.605924
-0.500000 0.606531
-0.499000 0.607137
-0.498000 0.607745
-0.497000 0.608353
-0.496000 0.608962
-0.495000 0.609571
-0.494000 0.610181
-0.493000 0.610791
-0.492000 0.611402
-0.491000 0.612014
-0.490000 0.612626
-0.489000 0.613239
-0.488000 0.613853
-0.487000 0.614467
-0.486000 0.615082
-0.485000 0.615697
-0.484000 0.616313
-0.483000 0.616930
-0.482000 0.617547
-0.481000 0.618165
-0.480000 0.618783
-0.479000 0.619402
-0.478000 0.620022
-0.477000 0.620643
-0.476000 0.621263
-0.475000 0.621885
-0.474000 0.622507
-0.473000 0.623130
-0.472000 0.623754
-0.471000 0.624378
-0.470000 0.625002
-0.469000 0.625628
-0.468000 0.626254
-0.467000 0.626880
-0.466000 0.627507
-0.465000 0.628135
-0.464000 0.628764
-0.463000 0.629393
-0.462000 0.630022
-0.461000 0.630653
-0.460000 0.631284
-0.459000 0.631915
-0.458000 0.632547
-0.457000 0.633180
-0.456000 0.633814
-0.455000 0.634448
-0.454000 0.635083
-0.453000 0.635718
-0.452000 0.636354
-0.451000 0.636991
-0.450000 0.637628
-0.449000 0.638266
-0.448000 0.638905
-0.447000 0.639544
-0.446000 0.640184
-0.445000 0.640824
-0.444000 0.641465
-0.443000 0.642107
-0.442000 0.642750
-0.441000 0.643393
-0.440000 0.644036
-0.439000 0.644681
-0.438000 0.645326
-0.437000 0.645971
-0.436000 0.646618
-0.435000 0.647265
-0.434000 0.647912
-0.433000 0.648560
-0.432000 0.649209
-0.431000 0.649859
-0.430000 0.650509
-0.429000 0.651160
-0.428000 0.651811
-0.427000 0.652464
-0.426000 0.653116
-0.425000 0.653770
-0.424000 0.654424
-0.423000 0.655079
-0.422000 0.655734
-0.421000 0.656390
-0.420000 0.657047
-0.419000 0.657704
-0.418000 0.658362
-0.417000 0.659021
-0.416000 0.659680
-0.415000 0.660340
-0.414000 0.661001
-0.413000 0.661662
-0.412000 0.662324
-0.411000 0.662987
-0.410000 0.663650
-0.409000 0.664314
-0.408000 0.664979
-0.407000 0.665644
-0.406000 0.666310
-0.405000 0.666977
-0.404000 0.667644
-0.403000 0.668312
-0.402000 0.668981
-0.401000 0.669650
-0.400000 0.670320
-0.399000 0.670991
-0.398000 0.671662
-0.397000 0.672334
-0.396000 0.673007
-0.395000 0.673680
-0.394000 0.674354
-0.393000 0.675029
-0.392000 0.675704
-0.391000 0.676380
-0.390000 0.677057
-0.389000 0.677734
-0.388000 0.678412
-0.387000 0.679091
-0.386000 0.679771
-0.385000 0.680451
-0.384000 0.681131
-0.383000 0.681813
-0.382000 0.682495
-0.381000 0.683178
-0.380000 0.683861
-0.379000 0.684546
-0.378000 0.685231
-0.377000 0.685916
-0.376000 0.686602
-0.375000 0.687289
-0.374000 0.687977
-0.373000 0.688665
-0.372000 0.689354
-0.371000 0.690044
-0.370000 0.690734
-0.369000 0.691425
-0.368000 0.692117
-0.367000 0.692810
-0.366000 0.693503
-0.365000 0.694197
-0.364000 0.694891
-0.363000 0.695586
-0.362000 0.696282
-0.361000 0.696979
-0.360000 0.697676
-0.359000 0.698374
-0.358000 0.699073
-0.357000 0.699772
-0.356000 0.700473
-0.355000 0.701173
-0.354000 0.701875
-0.353000 0.702577
-0.352000 0.703280
-0.351000 0.703984
-0.350000 0.704688
-0.349000 0.705393
-0.348000 0.706099
-0.347000 0.706805
-0.346000 0.707512
-0.345000 0.708220
-0.344000 0.708929
-0.343000 0.709638
-0.342000 0.710348
-0.341000 0.711059
-0.340000 0.711770
-0.339000 0.712482
-0.338000 0.713195
-0.337000 0.713909
-0.336000 0.714623
-0.335000 0.715338
-0.334000 0.716054
-0.333000 0.716770
-0.332000 0.717487
-0.331000 0.718205
-0.330000 0.718924
-0.329000 0.719643
-0.328000 0.720363
-0.327000 0.721084
-0.326000 0.721805
-0.325000 0.722527
-0.324000 0.723250
-0.323000 0.723974
-0.322000 0.724698
-0.321000 0.725423
-0.320000 0.726149
-0.319000 0.726876
-0.318000 0.727603
-0.317000 0.728331
-0.316000 0.729059
-0.315000 0.729789
-0.314000 0.730519
-0.313000 0.731250
-0.312000 0.731982
-0.311000 0.732714
-0.310000 0.733447
-0.309000 0.734181
-0.308000 0.734915
-0.307000 0.735651
-0.306000 0.736387
-0.305000 0.737123
-0.304000 0.737861
-0.303000 0.738599
-0.302000 0.739338
-0.301000 0.740078
-0.300000 0.740818
-0.299000 0.741559
-0.298000 0.742301
-0.297000 0.743044
-0.296000 0.743787
-0.295000 0.744532
-0.294000 0.745276
-0.293000 0.746022
-0.292000 0.746769
-0.291000 0.747516
-0.290000 0.748264
-0.289000 0.749012
-0.288000 0.749762
-0.287000 0.750512
-0.286000 0.751263
-0.285000 0.752014
-0.284000 0.752767
-0.283000 0.753520
-0.282000 0.754274
-0.281000 0.755028
-0.280000 0.755784
-0.279000 0.756540
-0.278000 0.757297
-0.277000 0.758054
-0.276000 0.758813
-0.275000 0.759572
-0.274000 0.760332
-0.273000 0.761093
-0.272000 0.761854
-0.271000 0.762616
-0.270000 0.763379
-0.269000 0.764143
-0.268000 0.764908
-0.267000 0.765673
-0.266000 0.766439
-0.265000 0.767206
-0.264000 0.767974
-0.263000 0.768742
-0.262000 0.769511
-0.261000 0.770281
-0.260000 0.771052
-0.259000 0.771823
-0.258000 0.772595
-0.257000 0.773368
-0.256000 0.774142
-0.255000 0.774916
-0.254000 0.775692
-0.253000 0.776468
-0.252000 0.777245
-0.251000 0.778022
-0.250000 0.778801
-0.249000 0.779580
-0.248000 0.780360
-0.247000 0.781141
-0.246000 0.781922
-0.245000 0.782705
-0.244000 0.783488
-0.243000 0.784272
-0.242000 0.785056
-0.241000 0.785842
-0.240000 0.786628
-0.239000 0.787415
-0.238000 0.788203
-0.237000 0.788991
-0.236000 0.789781
-0.235000 0.790571
-0.234000 0.791362
-0.233000 0.792154
-0.232000 0.792946
-0.231000 0.793739
-0.230000 0.794534
-0.229000 0.795329
-0.228000 0.796124
-0.227000 0.796921
-0.226000 0.797718
-0.225000 0.798516
-0.224000 0.799315
-0.223000 0.800115
-0.222000 0.800915
-0.221000 0.801717
-0.220000 0.802519
-0.219000 0.803322
-0.218000 0.804125
-0.217000 0.804930
-0.216000 0.805735
-0.215000 0.806541
-0.214000 0.807348
-0.213000 0.808156
-0.212000 0.808965
-0.211000 0.809774
-0.210000 0.810584
-0.209000 0.811395
-0.208000 0.812207
-0.207000 0.813020
-0.206000 0.813833
-0.205000 0.814647
-0.204000 0.815462
-0.203000 0.816278
-0.202000 0.817095
-0.201000 0.817912
-0.200000 0.818731
-0.199000 0.819550
-0.198000 0.820370
-0.197000 0.821191
-0.196000 0.822012
-0.195000 0.822835
-0.194000 0.823658
-0.193000 0.824482
-0.192000 0.825307
-0.191000 0.826133
-0.190000 0.826959
-0.189000 0.827787
-0.188000 0.828615
-0.187000 0.829444
-0.186000 0.830274
-0.185000 0.831104
-0.184000 0.831936
-0.183000 0.832768
-0.182000 0.833601
-0.181000 0.834435
-0.180000 0.835270
-0.179000 0.836106
-0.178000 0.836942
-0.177000 0.837780
-0.176000 0.838618
-0.175000 0.839457
-0.174000 0.840297
-0.173000 0.841138
-0.172000 0.841979
-0.171000 0.842822
-0.170000 0.843665
-0.169000 0.844509
-0.168000 0.845354
-0.167000 0.846200
-0.166000 0.847046
-0.165000 0.847894
-0.164000 0.848742
-0.163000 0.849591
-0.162000 0.850441
-0.161000 0.851292
-0.160000 0.852144
-0.159000 0.852996
-0.158000 0.853850
-0.157000 0.854704
-0.156000 0.855559
-0.155000 0.856415
-0.154000 0.857272
-0.153000 0.858130
-0.152000 0.858988
-0.151000 0.859848
-0.150000 0.860708
-0.149000 0.861569
-0.148000 0.862431
-0.147000 0.863294
-0.146000 0.864158
-0.145000 0.865022
-0.144000 0.865888
-0.143000 0.866754
-0.142000 0.867621
-0.141000 0.868489
-0.140000 0.869358
-0.139000 0.870228
-0.138000 0.871099
-0.137000 0.871970
-0.136000 0.872843
-0.135000 0.873716
-0.134000 0.874590
-0.133000 0.875465
-0.132000 0.876341
-0.131000 0.877218
-0.130000 0.878095
-0.129000 0.878974
-0.128000 0.879853
-0.127000 0.880734
-0.126000 0.881615
-0.125000 0.882497
-0.124000 0.883380
-0.123000 0.884264
-0.122000 0.885148
-0.121000 0.886034
-0.120000 0.886920
-0.119000 0.887808
-0.118000 0.888696
-0.117000 0.889585
-0.116000 0.890475
-0.115000 0.891366
-0.114000 0.892258
-0.113000 0.893151
-0.112000 0.894044
-0.111000 0.894939
-0.110000 0.895834
-0.109000 0.896730
-0.108000 0.897628
-0.107000 0.898526
-0.106000 0.899425
-0.105000 0.900325
-0.104000 0.901225
-0.103000 0.902127
-0.102000 0.903030
-0.101000 0.903933
-0.100000 0.904837
-0.099000 0.905743
-0.098000 0.906649
-0.097000 0.907556
-0.096000 0.908464
-0.095000 0.909373
-0.094000 0.910283
-0.093000 0.911194
-0.092000 0.912105
-0.091000 0.913018
-0.090000 0.913931
-0.089000 0.914846
-0.088000 0.915761
-0.087000 0.916677
-0.086000 0.917594
-0.085000 0.918512
-0.084000 0.919431
-0.083000 0.920351
-0.082000 0.921272
-0.081000 0.922194
-0.080000 0.923116
-0.079000 0.924040
-0.078000 0.924964
-0.077000 0.925890
-0.076000 0.926816
-0.075000 0.927743
-0.074000 0.928672
-0.073000 0.929601
-0.072000 0.930531
-0.071000 0.931462
-0.070000 0.932394
-0.069000 0.933327
-0.068000 0.934260
-0.067000 0.935195
-0.066000 0.936131
-0.065000 0.937067
-0.064000 0.938005
-0.063000 0.938943
-0.062000 0.939883
-0.061000 0.940823
-0.060000 0.941765
-0.059000 0.942707
-0.058000 0.943650
-0.057000 0.944594
-0.056000 0.945539
-0.055000 0.946485
-0.054000 0.947432
-0.053000 0.948380
-0.052000 0.949329
-0.051000 0.950279
-0.050000 0.951229
-0.049000 0.952181
-0.048000 0.953134
-0.047000 0.954087
-0.046000 0.955042
-0.045000 0.955997
-0.044000 0.956954
-0.043000 0.957911
-0.042000 0.958870
-0.041000 0.959829
-0.040000 0.960789
-0.039000 0.961751
-0.038000 0.962713
-0.037000 0.963676
-0.036000 0.964640
-0.035000 0.965605
-0.034000 0.966572
-0.033000 0.967539
-0.032000 0.968507
-0.031000 0.969476
-0.030000 0.970446
-0.029000 0.971416
-0.028000 0.972388
-0.027000 0.973361
-0.026000 0.974335
-0.025000 0.975310
-0.024000 0.976286
-0.023000 0.977262
-0.022000 0.978240
-0.021000 0.979219
-0.020000 0.980199
-0.019000 0.981179
-0.018000 0.982161
-0.017000 0.983144
-0.016000 0.984127
-0.015000 0.985112
-0.014000 0.986098
-0.013000 0.987084
-0.012000 0.988072
-0.011000 0.989060
-0.010000 0.990050
-0.009000 0.991040
-0.008000 0.992032
-0.007000 0.993024
-0.006000 0.994018
-0.005000 0.995012
-0.004000 0.996008
-0.003000 0.997004
-0.002000 0.998002
-0.001000 0.999000
0.000000 1.000000
0.001000 1.001001
0.002000 1.002002
0.003000 1.003005
0.004000 1.004008
0.005000 1.005013
0.006000 1.006018
0.007000 1.007025
0.008000 1.008032
0.009000 1.009041
0.010000 1.010050
0.011000 1.011061
0.012000 1.012072
0.013000 1.013085
0.014000 1.014098
0.015000 1.015113
0.016000 1.016129
0.017000 1.017145
0.018000 1.018163
0.019000 1.019182
0.020000 1.020201
0.021000 1.021222
0.022000 1.022244
0.023000 1.023267
0.024000 1.024290
0.025000 1.025315
0.026000 1.026341
0.027000 1.027368
0.028000 1.028396
0.029000 1.029425
0.030000 1.030455
0.031000 1.031486
0.032000 1.032518
0.033000 1.033551
0.034000 1.034585
0.035000 1.035620
0.036000 1.036656
0.037000 1.037693
0.038000 1.038731
0.039000 1.039770
0.040000 1.040811
0.041000 1.041852
0.042000 1.042894
0.043000 1.043938
0.044000 1.044982
0.045000 1.046028
0.046000 1.047074
0.047000 1.048122
0.048000 1.049171
0.049000 1.050220
0.050000 1.051271
0.051000 1.052323
0.052000 1.053376
0.053000 1.054430
0.054000 1.055485
0.055000 1.056541
0.056000 1.057598
0.057000 1.058656
0.058000 1.059715
0.059000 1.060775
0.060000 1.061837
0.061000 1.062899
0.062000 1.063962
0.063000 1.065027
0.064000 1.066092
0.065000 1.067159
0.066000 1.068227
0.067000 1.069295
0.068000 1.070365
0.069000 1.071436
0.070000 1.072508
0.071000 1.073581
0.072000 1.074655
0.073000 1.075731
0.074000 1.076807
0.075000 1.077884
0.076000 1.078963
0.077000 1.080042
0.078000 1.081123
0.079000 1.082204
0.080000 1.083287
0.081000 1.084371
0.082000 1.085456
0.083000 1.086542
0.084000 1.087629
0.085000 1.088717
0.086000 1.089806
0.087000 1.090897
0.088000 1.091988
0.089000 1.093081
0.090000 1.094174
0.091000 1.095269
0.092000 1.096365
0.093000 1.097462
0.094000 1.098560
0.095000 1.099659
0.096000 1.100759
0.097000 1.101860
0.098000 1.102963
0.099000 1.104066
0.100000 1.105171
0.101000 1.106277
0.102000 1.107383
0.103000 1.108491
0.104000 1.109600
0.105000 1.110711
0.106000 1.111822
0.107000 1.112934
0.108000 1.114048
0.109000 1.115162
0.110000 1.116278
0.111000 1.117395
0.112000 1.118513
0.113000 1.119632
0.114000 1.120752
0.115000 1.121873
0.116000 1.122996
0.117000 1.124119
0.118000 1.125244
0.119000 1.126370
0.120000 1.127497
0.121000 1.128625
0.122000 1.129754
0.123000 1.130884
0.124000 1.132016
0.125000 1.133148
0.126000 1.134282
0.127000 1.135417
0.128000 1.136553
0.129000 1.137690
0.130000 1.138828
0.131000 1.139968
0.132000 1.141108
0.133000 1.142250
0.134000 1.143393
0.135000 1.144537
0.136000 1.145682
0.137000 1.146828
0.138000 1.147976
0.139000 1.149124
0.140000 1.150274
0.141000 1.151425
0.142000 1.152577
0.143000 1.153730
0.144000 1.154884
0.145000 1.156040
0.146000 1.157196
0.147000 1.158354
0.148000 1.159513
0.149000 1.160673
0.150000 1.161834
0.151000 1.162997
0.152000 1.164160
0.153000 1.165325
0.154000 1.166491
0.155000 1.167658
0.156000 1.168826
0.157000 1.169996
0.158000 1.171166
0.159000 1.172338
0.160000 1.173511
0.161000 1.174685
0.162000 1.175860
0.163000 1.177037
0.164000 1.178214
0.165000 1.179393
0.166000 1.180573
0.167000 1.181754
0.168000 1.182937
0.169000 1.184120
0.170000 1.185305
0.171000 1.186491
0.172000 1.187678
0.173000 1.188866
0.174000 1.190056
0.175000 1.191246
0.176000 1.192438
0.177000 1.193631
0.178000 1.194825
0.179000 1.196021
0.180000 1.197217
0.181000 1.198415
0.182000 1.199614
0.183000 1.200814
0.184000 1.202016
0.185000 1.203218
0.186000 1.204422
0.187000 1.205627
0.188000 1.206834
0.189000 1.208041
0.190000 1.209250
0.191000 1.210459
0.192000 1.211671
0.193000 1.212883
0.194000 1.214096
0.195000 1.215311
0.196000 1.216527
0.197000 1.217744
0.198000 1.218962
0.199000 1.220182
0.200000 1.221403
0.201000 1.222625
0.202000 1.223848
0.203000 1.225072
0.204000 1.226298
0.205000 1.227525
0.206000 1.228753
0.207000 1.229983
0.208000 1.231213
0.209000 1.232445
0.210000 1.233678
0.211000 1.234912
0.212000 1.236148
0.213000 1.237385
0.214000 1.238623
0.215000 1.239862
0.216000 1.241102
0.217000 1.242344
0.218000 1.243587
0.219000 1.244831
0.220000 1.246077
0.221000 1.247323
0.222000 1.248571
0.223000 1.249821
0.224000 1.251071
0.225000 1.252323
0.226000 1.253576
0.227000 1.254830
0.228000 1.256085
0.229000 1.257342
0.230000 1.258600
0.231000 1.259859
0.232000 1.261120
0.233000 1.262381
0.234000 1.263644
0.235000 1.264909
0.236000 1.266174
0.237000 1.267441
0.238000 1.268709
0.239000 1.269979
0.240000 1.271249
0.241000 1.272521
0.242000 1.273794
0.243000 1.275069
0.244000 1.276344
0.245000 1.277621
0.246000 1.278900
0.247000 1.280179
0.248000 1.281460
0.249000 1.282742
0.250000 1.284025
0.251000 1.285310
0.252000 1.286596
0.253000 1.287883
0.254000 1.289172
0.255000 1.290462
0.256000 1.291753
0.257000 1.293045
0.258000 1.294339
0.259000 1.295634
0.260000 1.296930
0.261000 1.298228
0.262000 1.299527
0.263000 1.300827
0.264000 1.302128
0.265000 1.303431
0.266000 1.304735
0.267000 1.306040
0.268000 1.307347
0.269000 1.308655
0.270000 1.309964
0.271000 1.311275
0.272000 1.312587
0.273000 1.313900
0.274000 1.315215
0.275000 1.316531
0.276000 1.317848
0.277000 1.319166
0.278000 1.320486
0.279000 1.321807
0.280000 1.323130
0.281000 1.324454
0.282000 1.325779
0.283000 1.327105
0.284000 1.328433
0.285000 1.329762
0.286000 1.331092
0.287000 1.332424
0.288000 1.333757
0.289000 1.335092
0.290000 1.336427
0.291000 1.337765
0.292000 1.339103
0.293000 1.340443
0.294000 1.341784
0.295000 1.343126
0.296000 1.344470
0.297000 1.345815
0.298000 1.347162
0.299000 1.348510
0.300000 1.349859
0.301000 1.351209
0.302000 1.352561
0.303000 1.353914
0.304000 1.355269
0.305000 1.356625
0.306000 1.357982
0.307000 1.359341
0.308000 1.360701
0.309000 1.362062
0.310000 1.363425
0.311000 1.364789
0.312000 1.366155
0.313000 1.367522
0.314000 1.368890
0.315000 1.370259
0.316000 1.371630
0.317000 1.373003
0.318000 1.374376
0.319000 1.375751
0.320000 1.377128
0.321000 1.378506
0.322000 1.379885
0.323000 1.381265
0.324000 1.382647
0.325000 1.384031
0.326000 1.385415
0.327000 1.386801
0.328000 1.388189
0.329000 1.389578
0.330000 1.390968
0.331000 1.392360
0.332000 1.393753
0.333000 1.395147
0.334000 1.396543
0.335000 1.397940
0.336000 1.399339
0.337000 1.400739
0.338000 1.402141
0.339000 1.403543
0.340000 1.404948
0.341000 1.406353
0.342000 1.407760
0.343000 1.409169
0.344000 1.410579
0.345000 1.411990
0.346000 1.413403
0.347000 1.414817
0.348000 1.416232
0.349000 1.417649
0.350000 1.419068
0.351000 1.420487
0.352000 1.421909
0.353000 1.423331
0.354000 1.424755
0.355000 1.426181
0.356000 1.427608
0.357000 1.429036
0.358000 1.430466
0.359000 1.431897
0.360000 1.433329
0.361000 1.434763
0.362000 1.436199
0.363000 1.437636
0.364000 1.439074
0.365000 1.440514
0.366000 1.441955
0.367000 1.443398
0.368000 1.444842
0.369000 1.446288
0.370000 1.447735
0.371000 1.449183
0.372000 1.450633
0.373000 1.452084
0.374000 1.453537
0.375000 1.454991
0.376000 1.456447
0.377000 1.457904
0.378000 1.459363
0.379000 1.460823
0.380000 1.462285
0.381000 1.463748
0.382000 1.465212
0.383000 1.466678
0.384000 1.468145
0.385000 1.469614
0.386000 1.471085
0.387000 1.472556
0.388000 1.474030
0.389000 1.475505
0.390000 1.476981
0.391000 1.478459
0.392000 1.479938
0.393000 1.481418
0.394000 1.482901
0.395000 1.484384
0.396000 1.485869
0.397000 1.487356
0.398000 1.488844
0.399000 1.490334
0.400000 1.491825
0.401000 1.493317
0.402000 1.494811
0.403000 1.496307
0.404000 1.497804
0.405000 1.499303
0.406000 1.500803
0.407000 1.502304
0.408000 1.503807
0.409000 1.505312
0.410000 1.506818
0.411000 1.508325
0.412000 1.509834
0.413000 1.511345
0.414000 1.512857
0.415000 1.514371
0.416000 1.515886
0.417000 1.517403
0.418000 1.518921
0.419000 1.520440
0.420000 1.521962
0.421000 1.523484
0.422000 1.525009
0.423000 1.526534
0.424000 1.528062
0.425000 1.529590
0.426000 1.531121
0.427000 1.532653
0.428000 1.534186
0.429000 1.535721
0.430000 1.537258
0.431000 1.538796
0.432000 1.540335
0.433000 1.541876
0.434000 1.543419
0.435000 1.544963
0.436000 1.546509
0.437000 1.548056
0.438000 1.549605
0.439000 1.551155
0.440000 1.552707
0.441000 1.554261
0.442000 1.555816
0.443000 1.557372
0.444000 1.558930
0.445000 1.560490
0.446000 1.562051
0.447000 1.563614
0.448000 1.565179
0.449000 1.566745
0.450000 1.568312
0.451000 1.569881
0.452000 1.571452
0.453000 1.573024
0.454000 1.574598
0.455000 1.576173
0.456000 1.577750
0.457000 1.579329
0.458000 1.580909
0.459000 1.582491
0.460000 1.584074
0.461000 1.585659
0.462000 1.587245
0.463000 1.588833
0.464000 1.590423
0.465000 1.592014
0.466000 1.593607
0.467000 1.595201
0.468000 1.596797
0.469000 1.598395
0.470000 1.599994
0.471000 1.601595
0.472000 1.603197
0.473000 1.604801
0.474000 1.606407
0.475000 1.608014
0.476000 1.609623
0.477000 1.611233
0.478000 1.612845
0.479000 1.614459
0.480000 1.616074
0.481000 1.617691
0.482000 1.619310
0.483000 1.620930
0.484000 1.622552
0.485000 1.624175
0.486000 1.625800
0.487000 1.627427
0.488000 1.629055
0.489000 1.630685
0.490000 1.632316
0.491000 1.633949
0.492000 1.635584
0.493000 1.637221
0.494000 1.638859
0.495000 1.640498
0.496000 1.642140
0.497000 1.643783
0.498000 1.645427
0.499000 1.647073
0.500000 1.648721
0.501000 1.650371
0.502000 1.652022
0.503000 1.653675
0.504000 1.655329
0.505000 1.656986
0.506000 1.658643
0.507000 1.660303
0.508000 1.661964
0.509000 1.663627
0.510000 1.665291
0.511000 1.666957
0.512000 1.668625
0.513000 1.670295
0.514000 1.671966
0.515000 1.673639
0.516000 1.675313
0.517000 1.676989
0.518000 1.678667
0.519000 1.680346
0.520000 1.682028
0.521000 1.683711
0.522000 1.685395
0.523000 1.687081
0.524000 1.688769
0.525000 1.690459
0.526000 1.692150
0.527000 1.693843
0.528000 1.695538
0.529000 1.697234
0.530000 1.698932
0.531000 1.700632
0.532000 1.702334
0.533000 1.704037
0.534000 1.705742
0.535000 1.707448
0.536000 1.709157
0.537000 1.710867
0.538000 1.712578
0.539000 1.714292
0.540000 1.716007
0.541000 1.717724
0.542000 1.719442
0.543000 1.721163
0.544000 1.722885
0.545000 1.724608
0.546000 1.726334
0.547000 1.728061
0.548000 1.729790
0.549000 1.731521
0.550000 1.733253
0.551000 1.734987
0.552000 1.736723
0.553000 1.738461
0.554000 1.740200
0.555000 1.741941
0.556000 1.743684
0.557000 1.745428
0.558000 1.747175
0.559000 1.748923
0.560000 1.750673
0.561000 1.752424
0.562000 1.754177
0.563000 1.755932
0.564000 1.757689
0.565000 1.759448
0.566000 1.761208
0.567000 1.762970
0.568000 1.764734
0.569000 1.766500
0.570000 1.768267
0.571000 1.770036
0.572000 1.771807
0.573000 1.773580
0.574000 1.775354
0.575000 1.777131
0.576000 1.778909
0.577000 1.780688
0.578000 1.782470
0.579000 1.784253
0.580000 1.786038
0.581000 1.787825
0.582000 1.789614
0.583000 1.791405
0.584000 1.793197
0.585000 1.794991
0.586000 1.796787
0.587000 1.798585
0.588000 1.800384
0.589000 1.802185
0.590000 1.803988
0.591000 1.805793
0.592000 1.807600
0.593000 1.809409
0.594000 1.811219
0.595000 1.813031
0.596000 1.814845
0.597000 1.816661
0.598000 1.818478
0.599000 1.820298
0.600000 1.822119
0.601000 1.823942
0.602000 1.825767
0.603000 1.827593
0.604000 1.829422
0.605000 1.831252
0.606000 1.833084
0.607000 1.834918
0.608000 1.836754
0.609000 1.838592
0.610000 1.840431
0.611000 1.842273
0.612000 1.844116
0.613000 1.845961
0.614000 1.847808
0.615000 1.849657
0.616000 1.851507
0.617000 1.853360
0.618000 1.855214
0.619000 1.857070
0.620000 1.858928
0.621000 1.860788
0.622000 1.862650
0.623000 1.864513
0.624000 1.866379
0.625000 1.868246
0.626000 1.870115
0.627000 1.871986
0.628000 1.873859
0.629000 1.875734
0.630000 1.877611
0.631000 1.879489
0.632000 1.881370
0.633000 1.883252
0.634000 1.885136
0.635000 1.887022
0.636000 1.888910
0.637000 1.890800
0.638000 1.892692
0.639000 1.894585
0.640000 1.896481
0.641000 1.898378
0.642000 1.900278
0.643000 1.902179
0.644000 1.904082
0.645000 1.905987
0.646000 1.907894
0.647000 1.909803
0.648000 1.911714
0.649000 1.913626
0.650000 1.915541
0.651000 1.917457
0.652000 1.919376
0.653000 1.921296
0.654000 1.923218
0.655000 1.925143
0.656000 1.927069
0.657000 1.928997
0.658000 1.930927
0.659000 1.932859
0.660000 1.934792
0.661000 1.936728
0.662000 1.938666
0.663000 1.940605
0.664000 1.942547
0.665000 1.944491
0.666000 1.946436
0.667000 1.948383
0.668000 1.950333
0.669000 1.952284
0.670000 1.954237
0.671000 1.956193
0.672000 1.958150
0.673000 1.960109
0.674000 1.962070
0.675000 1.964033
0.676000 1.965998
0.677000 1.967965
0.678000 1.969934
0.679000 1.971905
0.680000 1.973878
0.681000 1.975853
0.682000 1.977829
0.683000 1.979808
0.684000 1.981789
0.685000 1.983772
0.686000 1.985757
0.687000 1.987743
0.688000 1.989732
0.689000 1.991723
0.690000 1.993716
0.691000 1.995710
0.692000 1.997707
0.693000 1.999706
0.694000 2.001706
0.695000 2.003709
0.696000 2.005714
0.697000 2.007721
0.698000 2.009729
0.699000 2.011740
0.700000 2.013753
0.701000 2.015767
0.702000 2.017784
0.703000 2.019803
0.704000 2.021824
0.705000 2.023847
0.706000 2.025872
0.707000 2.027898
0.708000 2.029927
0.709000 2.031958
0.710000 2.033991
0.711000 2.036026
0.712000 2.038063
0.713000 2.040102
0.714000 2.042144
0.715000 2.044187
0.716000 2.046232
0.717000 2.048279
0.718000 2.050328
0.719000 2.052380
0.720000 2.054433
0.721000 2.056489
0.722000 2.058546
0.723000 2.060606
0.724000 2.062667
0.725000 2.064731
0.726000 2.066797
0.727000 2.068865
0.728000 2.070935
0.729000 2.073007
0.730000 2.075081
0.731000 2.077157
0.732000 2.079235
0.733000 2.081315
0.734000 2.083398
0.735000 2.085482
0.736000 2.087569
0.737000 2.089657
0.738000 2.091748
0.739000 2.093841
0.740000 2.095936
0.741000 2.098032
0.742000 2.100132
0.743000 2.102233
0.744000 2.104336
0.745000 2.106441
0.746000 2.108549
0.747000 2.110659
0.748000 2.112770
0.749000 2.114884
0.750000 2.117000
0.751000 2.119118
0.752000 2.121238
0.753000 2.123361
0.754000 2.125485
0.755000 2.127612
0.756000 2.129740
0.757000 2.131871
0.758000 2.134004
0.759000 2.136139
0.760000 2.138276
0.761000 2.140416
0.762000 2.142557
0.763000 2.144701
0.764000 2.146846
0.765000 2.148994
0.766000 2.151144
0.767000 2.153297
0.768000 2.155451
0.769000 2.157608
0.770000 2.159766
0.771000 2.161927
0.772000 2.164090
0.773000 2.166255
0.774000 2.168423
0.775000 2.170592
0.776000 2.172764
0.777000 2.174938
0.778000 2.177114
0.779000 2.179292
0.780000 2.181472
0.781000 2.183655
0.782000 2.185840
0.783000 2.188027
0.784000 2.190216
0.785000 2.192407
0.786000 2.194600
0.787000 2.196796
0.788000 2.198994
0.789000 2.201194
0.790000 2.203396
0.791000 2.205601
0.792000 2.207808
0.793000 2.210017
0.794000 2.212228
0.795000 2.214441
0.796000 2.216657
0.797000 2.218874
0.798000 2.221094
0.799000 2.223316
0.800000 2.225541
0.801000 2.227768
0.802000 2.229996
0.803000 2.232228
0.804000 2.234461
0.805000 2.236696
0.806000 2.238934
0.807000 2.241174
0.808000 2.243417
0.809000 2.245661
0.810000 2.247908
0.811000 2.250157
0.812000 2.252408
0.813000 2.254662
0.814000 2.256918
0.815000 2.259176
0.816000 2.261436
0.817000 2.263699
0.818000 2.265963
0.819000 2.268230
0.820000 2.270500
0.821000 2.272771
0.822000 2.275045
0.823000 2.277322
0.824000 2.279600
0.825000 2.281881
0.826000 2.284164
0.827000 2.286449
0.828000 2.288737
0.829000 2.291027
0.830000 2.293319
0.831000 2.295613
0.832000 2.297910
0.833000 2.300209
0.834000 2.302510
0.835000 2.304814
0.836000 2.307120
0.837000 2.309428
0.838000 2.311739
0.839000 2.314052
0.840000 2.316367
0.841000 2.318685
0.842000 2.321004
0.843000 2.323327
0.844000 2.325651
0.845000 2.327978
0.846000 2.330307
0.847000 2.332638
0.848000 2.334972
0.849000 2.337308
0.850000 2.339647
0.851000 2.341988
0.852000 2.344331
0.853000 2.346676
0.854000 2.349024
0.855000 2.351374
0.856000 2.353727
0.857000 2.356082
0.858000 2.358439
0.859000 2.360799
0.860000 2.363161
0.861000 2.365525
0.862000 2.367892
0.863000 2.370261
0.864000 2.372632
0.865000 2.375006
0.866000 2.377382
0.867000 2.379761
0.868000 2.382142
0.869000 2.384525
0.870000 2.386911
0.871000 2.389299
0.872000 2.391689
0.873000 2.394082
0.874000 2.396478
0.875000 2.398875
0.876000 2.401275
0.877000 2.403678
0.878000 2.406083
0.879000 2.408490
0.880000 2.410900
0.881000 2.413312
0.882000 2.415726
0.883000 2.418143
0.884000 2.420563
0.885000 2.422984
0.886000 2.425409
0.887000 2.427835
0.888000 2.430264
0.889000 2.432696
0.890000 2.435130
0.891000 2.437566
0.892000 2.440005
0.893000 2.442446
0.894000 2.444890
0.895000 2.447336
0.896000 2.449784
0.897000 2.452235
0.898000 2.454689
0.899000 2.457145
0.900000 2.459603
0.901000 2.462064
0.902000 2.464527
0.903000 2.466993
0.904000 2.469461
0.905000 2.471932
0.906000 2.474405
0.907000 2.476881
0.908000 2.479359
0.909000 2.481839
0.910000 2.484323
0.911000 2.486808
0.912000 2.489296
0.913000 2.491787
0.914000 2.494280
0.915000 2.496775
0.916000 2.499273
0.917000 2.501774
0.918000 2.504277
0.919000 2.506782
0.920000 2.509290
0.921000 2.511801
0.922000 2.514314
0.923000 2.516830
0.924000 2.519348
0.925000 2.521868
0.926000 2.524391
0.927000 2.526917
0.928000 2.529445
0.929000 2.531976
0.930000 2.534509
0.931000 2.537045
0.932000 2.539583
0.933000 2.542124
0.934000 2.544668
0.935000 2.547213
0.936000 2.549762
0.937000 2.552313
0.938000 2.554867
0.939000 2.557423
0.940000 2.559981
0.941000 2.562543
0.942000 2.565107
0.943000 2.567673
0.944000 2.570242
0.945000 2.572813
0.946000 2.575387
0.947000 2.577964
0.948000 2.580543
0.949000 2.583125
0.950000 2.585710
0.951000 2.588297
0.952000 2.590886
0.953000 2.593478
0.954000 2.596073
0.955000 2.598671
0.956000 2.601271
0.957000 2.603873
0.958000 2.606478
0.959000 2.609086
0.960000 2.611696
0.961000 2.614309
0.962000 2.616925
0.963000 2.619543
0.964000 2.622164
0.965000 2.624788
0.966000 2.627414
0.967000 2.630042
0.968000 2.632674
0.969000 2.635308
0.970000 2.637944
0.971000 2.640584
0.972000 2.643226
0.973000 2.645870
0.974000 2.648517
0.975000 2.651167
0.976000 2.653820
0.977000 2.656475
0.978000 2.659133
0.979000 2.661793
0.980000 2.664456
0.981000 2.667122
0.982000 2.669790
0.983000 2.672462
0.984000 2.675135
0.985000 2.677812
0.986000 2.680491
0.987000 2.683173
0.988000 2.685857
0.989000 2.688545
0.990000 2.691234
0.991000 2.693927
0.992000 2.696622
0.993000 2.699320
0.994000 2.702021
0.995000 2.704724
0.996000 2.707430
0.997000 2.710139
0.998000 2.712851
0.999000 2.715565
