23,1
36,2
38,3
51,4
57,5
54,6
78,7
82,8
120,9
144,10
125,10
160,20
442,30
347,40
504,50
522,60
649,70
1216,80
868,90
1697,100
1719,200
2213,300
1803,400
2766,500
979,600
1896,700
2289,800
4469,900
5429,1000
3468,2000
3918,3000
5099,4000
5946,5000
7301,6000
8408,7000
15791,8000
12459,9000
16409,10000
33867,20000
37413,30000
47496,40000
173713,50000
53309,60000
59735,70000
123707,80000
65050,90000
101956,100000
328916,200000
278976,300000
365564,400000
491374,500000
598320,600000
743216,700000
1912449,800000
2558015,900000
2723026,1000000
4011241,2000000
