82,1
142,2
281,3
245,4
445,5
2243,6
689,7
774,8
568,9
727,10
799,10
2473,20
3992,30
5049,40
7619,50
8021,60
6962,70
8769,80
9785,90
7535,100
8290,200
9943,300
10484,400
17232,500
12170,600
14127,700
14804,800
14674,900
28274,1000
36240,2000
47796,3000
34593,4000
37477,5000
99121,6000
70188,7000
74843,8000
87996,9000
175294,10000
246653,20000
1045643,30000
1040480,40000
1693641,50000
789059,60000
1934500,70000
1552704,80000
1424044,90000
3032755,100000
2836624,200000
4897605,300000
6566173,400000
6211540,500000
13241695,600000
13867062,700000
18904995,800000
16018721,900000
21053711,1000000
48420831,2000000
