52,1
229,2
146,3
211,4
272,5
259,6
239,7
514,8
1199,9
386,10
459,10
658,20
1284,30
1765,40
5697,50
2197,60
3422,70
3899,80
3678,90
4647,100
5611,200
14169,300
11223,400
11673,500
15856,600
7419,700
8807,800
4554,900
3801,1000
13516,2000
15447,3000
15283,4000
15351,5000
13460,6000
26452,7000
58598,8000
27913,9000
29217,10000
44399,20000
68697,30000
101057,40000
69732,50000
101945,60000
135917,70000
171267,80000
114472,90000
178194,100000
461158,200000
388637,300000
997108,400000
1273807,500000
1903232,600000
2063156,700000
2314074,800000
2777633,900000
3317435,1000000
7215631,2000000
